16 16 f
749.197773 69.069837 77.507859 14.502466 53.884886 8.434195 25.367405 84.232069 2.454759 58.852518 34.940234 99.241727 56.403916 21.110364 77.237475 23.350967
54.913496 739.650783 50.143794 47.551034 16.947927 15.228533 5.268464 26.679646 70.464329 95.456564 16.467491 78.252798 74.972743 7.951042 90.178084 58.798420
12.429241 38.550443 829.492545 54.082665 32.730976 49.249842 21.835417 24.703958 11.050484 29.153207 72.013311 76.856930 86.300199 68.538437 34.280229 17.871273
39.391048 29.128456 48.760525 735.707677 32.075904 34.612290 14.235424 33.332854 3.650808 16.718546 60.179716 59.911538 96.809553 98.616006 63.565247 74.314461
79.919883 67.477696 69.741795 38.435065 852.355378 65.706096 47.540159 59.958964 47.737622 8.291470 77.163704 97.955069 82.118479 5.292937 22.645069 57.411039
6.010500 72.664722 65.456373 17.673449 62.603414 587.395245 7.463900 54.506182 64.116798 3.298092 51.383882 23.409339 37.484102 49.322370 52.529846 19.229554
20.318311 24.744797 81.631109 3.402705 15.516557 37.631888 843.576848 79.139788 25.098356 79.688388 72.243260 90.806655 24.771601 13.376209 94.369533 79.207008
82.440207 13.605121 62.447516 22.883481 91.096091 94.708935 39.608112 907.313852 80.243505 83.916733 56.882138 52.181285 19.107305 54.166973 31.723141 75.433661
48.125743 39.489650 83.599000 57.230853 69.155646 74.925579 29.489718 52.962083 861.726130 93.661023 85.110297 1.073819 65.864696 31.753170 37.243485 65.086410
7.410618 82.902673 16.880144 10.194014 97.082853 87.810872 65.029344 71.134501 94.482792 879.674387 43.653172 56.260833 21.761728 84.687360 8.072768 94.954733
51.923426 16.183681 88.445072 73.240050 51.924085 81.275061 76.640296 11.251075 9.605567 69.524061 755.729114 14.883649 66.005825 7.562474 27.862152 82.383178
77.760845 90.123323 14.283236 85.477333 26.499334 88.437054 46.711579 68.002830 69.558506 9.790895 20.840396 819.177833 67.245273 10.570346 25.753343 38.275594
56.526254 9.468087 16.500573 94.721214 98.423303 94.114655 40.190786 81.366148 6.666634 3.040753 30.242170 29.429533 900.248903 89.587914 71.738784 25.930504
11.756012 97.518956 95.015849 73.819902 11.893452 4.681947 55.836122 24.878274 32.489253 5.231307 63.543769 88.899843 36.236985 787.789685 69.165422 99.727188
94.008792 45.764402 20.100913 44.646576 27.168822 19.084617 45.096722 57.423712 19.807744 87.645557 98.989019 91.429588 75.434586 33.949439 899.199223 47.813198
86.401699 90.147369 8.830512 35.319455 11.329431 62.468788 98.023304 67.466832 22.477367 27.962788 67.793760 17.477327 39.151504 18.700613 5.722092 814.399787
