64 64 f
3356.352639 11.204395 77.354384 88.903528 19.702439 83.400442 29.890651 58.084617 41.962500 65.150842 20.690044 80.108829 24.927266 42.267070 79.060655 55.175806 15.889374 99.022761 38.520152 97.560395 80.020938 17.438714 34.170660 10.269421 50.072781 70.016990 55.625998 46.682455 19.334376 43.941009 68.745499 62.723555 2.539154 17.657284 26.539806 91.249916 80.629842 13.712095 73.647749 4.036937 99.078889 71.629788 33.619270 97.544897 98.914217 7.423495 7.893627 20.698465 56.249108 97.329472 62.133345 93.673005 74.706711 94.059259 46.759327 95.612814 7.001014 83.179835 63.921825 42.978823 59.974469 70.034417 12.600590 50.002419
5.975913 3116.482934 15.826181 31.629440 57.793139 79.319782 84.325765 14.419428 80.447782 6.174324 99.263396 69.803431 58.441674 68.490985 79.002061 25.163505 0.340566 75.061750 98.951282 16.077077 72.177406 29.982632 20.795064 51.243887 43.202966 99.609010 42.693803 98.436044 76.737700 89.572572 55.291292 8.145328 50.643964 41.284461 43.217784 15.480121 41.101855 27.829093 50.934756 15.020840 13.520819 40.902730 83.063963 78.702199 59.998982 17.602309 68.853307 39.920045 35.046329 62.405081 55.941193 51.825185 86.223330 69.294778 38.307868 3.711500 9.652952 49.247298 19.826618 69.905342 11.601425 41.943647 32.774077 57.163908
4.498059 8.829973 2987.884781 34.103197 64.869489 29.628006 78.408883 36.192034 14.098280 19.949499 78.786900 30.180070 69.793120 77.635504 39.259068 94.137265 25.103693 48.959710 58.709588 43.366700 87.760223 3.421437 93.292639 49.488630 79.535719 89.978852 60.105953 47.427853 44.790198 75.181597 95.356581 34.797016 29.416772 8.177556 91.432393 76.788012 46.251030 95.716200 14.902497 70.691916 89.154842 17.644595 1.258649 54.131770 67.142261 18.307426 57.388616 25.827273 88.780542 10.100230 53.498773 3.494122 24.813064 19.500781 72.161183 5.685191 19.058819 29.299825 36.453188 99.516678 1.196745 12.528666 65.753657 60.655067
54.680595 32.040737 74.031990 3677.864683 99.948017 60.976170 21.217513 15.171660 70.257259 88.070476 77.248111 63.770171 94.764698 10.463138 1.109902 53.339756 27.417824 80.827317 52.413143 77.886994 49.623410 79.886572 61.273017 29.537140 19.737475 94.371969 78.065491 24.446029 15.290216 47.260369 34.523829 78.693495 77.832075 74.807993 35.375564 85.153789 74.135111 91.203738 55.074296 11.397328 55.699062 96.421442 98.861118 8.067595 52.240046 60.342366 97.822269 93.000089 17.871602 60.332075 98.805138 93.282490 94.361442 84.842711 70.000445 28.309339 79.605315 20.873974 75.568510 78.859250 9.522738 7.205328 14.878263 36.945887
52.926125 76.699340 75.809455 72.871138 3329.463036 64.380624 80.297212 54.338196 82.066473 75.388591 63.059369 71.099206 26.338627 76.950606 92.494524 73.087813 0.204086 85.883574 35.191243 79.247178 43.752393 96.871192 44.149775 35.544746 55.218882 15.550837 3.449069 44.478283 73.747377 75.425393 22.616410 47.589666 33.200269 70.905025 90.340563 34.264827 6.058830 17.982363 90.964486 12.800041 95.176135 32.456271 40.204534 26.303407 92.870384 57.625869 8.473893 76.667848 5.231741 12.468333 18.482305 27.815529 8.096453 76.050560 63.494366 59.223208 15.773909 53.459169 48.632992 0.685854 14.893167 36.874656 17.873179 97.319949
37.067725 87.593867 75.148547 69.863750 39.099625 3399.550113 27.483182 3.359652 70.418701 4.833842 26.948809 76.542058 76.363821 63.881462 22.420899 71.292322 59.306523 89.624292 61.138381 23.278484 38.521189 84.916426 35.470166 7.137085 88.133641 6.950381 87.441321 34.142812 27.728757 72.158876 91.980544 36.496330 16.907549 26.657798 68.916643 51.520419 93.453971 71.898575 60.745361 58.521204 81.807391 68.689495 33.694003 58.579306 96.036685 84.469590 67.986906 45.714027 17.235231 54.058077 6.395477 67.205154 31.549798 30.141222 29.124502 83.617700 49.600687 98.734428 23.613832 14.238207 75.234239 77.904509 15.159511 44.158320
17.453587 20.337113 29.501047 46.566780 58.246120 61.496923 3219.403780 30.637555 17.174824 72.133043 46.034201 64.100136 67.758352 61.840386 56.891866 43.923434 49.781219 17.012919 90.120180 5.353728 48.051661 63.196614 31.017391 10.950854 73.567727 94.735435 33.552686 63.585407 66.036261 83.390049 70.340765 33.706425 1.454293 11.638248 83.582247 74.755856 93.291858 91.806248 69.460681 76.991000 32.708340 20.432356 41.753848 49.347961 73.531177 14.759056 72.964640 76.643807 83.948310 99.939522 75.454020 63.600410 21.115050 16.328409 11.615469 41.370417 83.578820 12.297478 8.984357 75.447584 54.967416 56.175843 44.835067 1.346330
8.845913 93.044265 12.242186 84.690335 29.918341 33.725015 0.494289 3188.685190 15.650815 16.937201 43.727557 60.116410 84.166245 36.383973 68.516851 60.970468 82.506791 42.064624 2.377311 83.889634 56.793474 82.126384 18.550406 77.262995 54.966883 4.733689 90.210873 78.485232 84.185863 65.025725 49.912750 50.495418 68.441138 70.276355 70.582174 4.390296 52.265338 8.450556 70.889293 9.068722 93.143023 79.568163 15.100477 68.241831 69.520011 39.122927 85.186930 59.189171 54.655895 63.640075 27.615662 48.946332 43.103192 12.701086 18.289522 71.077584 13.560602 3.497501 60.645947 43.555078 95.736314 5.399276 45.041480 58.444615
98.627191 36.781923 60.159664 16.018659 48.550083 87.789099 47.327139 89.544894 3680.244136 32.902371 61.983744 78.533150 2.516818 26.907868 33.208122 76.419235 67.749486 97.204805 33.729185 22.536524 89.828756 64.081168 42.410271 96.461169 43.677440 24.932866 72.396862 20.312149 81.999759 76.182205 36.338361 3.178252 27.946031 87.442652 95.689630 40.034636 60.500646 40.238663 4.883888 51.496693 76.507506 91.855788 43.265981 18.962687 4.909845 43.404163 77.413493 83.130669 75.112222 89.889299 6.934496 59.635704 45.103270 47.477996 70.576520 62.175418 54.043742 37.347501 79.503551 90.961256 78.573388 64.680836 61.408092 74.187201
10.079273 51.084718 61.509649 59.530273 21.378591 14.681787 89.809388 48.697582 50.654423 3245.994823 71.275990 88.819019 39.884369 2.795696 44.885706 63.917679 48.403949 75.624621 49.970829 93.124752 45.049045 64.422921 67.879187 75.028772 68.498864 74.060443 32.521604 53.060937 42.639151 56.861133 49.029353 18.985738 84.735614 97.115635 50.030820 41.593480 50.674945 26.707776 47.479001 20.677539 55.432028 84.439548 82.853609 27.387066 66.467258 18.039451 48.776114 14.554161 70.443522 44.842486 4.150129 75.819304 51.993813 47.070699 54.719876 1.865025 45.406335 36.076045 9.073663 26.994947 23.585332 93.161601 22.256424 85.532106
5.014052 7.346045 18.034363 96.874419 95.853634 4.210813 8.373679 78.361321 56.665019 50.429968 3511.299890 88.786655 38.669708 31.957812 95.599979 76.875281 35.275358 68.375422 50.248222 32.729486 24.519679 38.523497 58.341744 72.473648 78.834220 74.306224 97.937733 47.932230 4.193520 84.077181 83.724546 34.180091 88.338524 85.872068 96.646567 54.837849 18.428296 64.875222 47.602435 0.300702 66.657003 96.226102 75.826727 69.304116 51.066567 26.983907 93.421211 11.238936 52.562715 20.123548 90.665041 36.142145 37.916469 34.623821 66.664201 46.788028 17.201217 81.118134 45.293312 7.630750 15.472558 81.766351 71.378057 93.291102
80.683569 83.163149 9.308265 59.356396 24.348304 13.839469 22.789641 3.027261 45.457167 99.554295 61.117399 3076.338046 59.257508 46.728680 19.196409 81.345659 86.523628 61.294335 86.334914 3.216181 86.174661 53.422754 54.097050 58.872149 27.823028 1.026285 56.018403 79.217694 21.235127 57.054585 15.899796 99.756570 20.521308 91.388536 10.890526 28.802468 94.748725 44.353283 13.028560 75.241781 7.528955 75.891253 85.620374 7.625457 83.207330 71.327646 99.238632 90.573435 34.511881 87.753291 26.919331 30.583248 94.356355 6.728852 10.152772 83.854284 6.110434 47.605557 41.556632 23.637566 23.091598 2.960658 87.744616 4.044367
39.039462 77.524833 4.961952 75.675102 25.853077 25.899900 50.831337 4.703084 27.720258 29.689737 87.287611 3.611568 3227.982631 42.671422 26.293240 73.287011 59.648111 57.067721 49.237521 40.572239 1.131541 83.187517 89.770051 21.300950 80.512583 79.040855 58.145755 16.757936 77.857285 2.325538 88.478914 12.037866 7.561930 34.791833 19.316552 4.386607 84.125423 7.656339 6.120734 69.825837 76.011701 9.596860 86.896658 93.736126 96.810433 10.151037 46.310316 16.572345 78.042359 25.292121 34.901172 48.417555 82.302609 47.213582 94.091813 86.321829 77.823347 29.659239 52.686013 65.474447 99.635788 78.803611 39.141612 33.090609
45.403084 10.564002 52.280231 78.739306 73.529799 38.355907 61.901951 11.315893 79.232252 69.138319 92.152018 10.343378 82.182541 3357.226745 28.440121 97.822009 10.677463 55.907058 84.960584 56.703336 1.267596 25.317045 54.452853 13.816263 81.659842 97.803619 15.343599 51.060221 65.341316 78.753372 57.382944 58.226464 15.593038 95.299453 51.345635 51.402672 60.424963 91.643387 92.748227 43.001719 19.547577 37.617098 6.313864 45.867521 14.692929 26.119459 27.054864 72.767348 83.988973 31.076433 14.046858 52.901645 46.247736 93.002497 61.903599 68.718850 93.656207 19.601928 67.899542 86.453257 43.898975 80.377141 6.735132 3.848997
43.364493 94.567883 20.179874 75.375316 85.604852 41.948823 43.323317 9.631662 41.112925 59.946462 12.626652 62.939844 51.849169 76.483488 3414.278934 58.337667 48.814750 38.639590 7.516057 15.761740 17.833414 78.778311 90.536633 42.917703 11.967316 13.842281 81.844290 17.622425 15.169627 24.626046 0.703427 71.707301 86.054214 60.192854 44.400649 86.446095 65.811230 72.742581 82.993218 97.964843 24.358760 85.308626 80.569253 7.683709 31.321719 0.926685 98.247495 55.476207 9.490468 33.124298 98.419243 37.991827 91.683917 3.433703 94.632722 60.564597 49.628357 92.807802 88.126421 68.511629 75.328390 42.134709 86.065362 0.718906
77.137779 23.429361 56.409190 27.958059 27.883470 41.021498 69.597026 55.289250 69.839058 8.132599 37.548780 49.147781 28.878279 51.108548 49.199630 2934.333710 56.210389 14.455750 3.328816 49.709851 27.047863 39.706898 42.339413 62.042109 5.593906 31.321875 64.700376 4.866985 99.551405 46.292055 37.619583 35.717047 43.381816 40.289881 86.006338 19.567032 13.758915 66.742198 63.369382 37.306358 1.693681 62.132194 19.930187 73.947091 31.724373 24.917301 91.114769 19.446884 35.072972 97.158120 57.651105 0.393036 74.624013 28.007274 97.618701 98.107305 41.431419 94.899462 60.130699 41.752289 63.831889 14.591845 22.065853 82.249356
1.528497 51.791125 86.508904 29.479388 10.942926 4.318575 96.192290 43.162570 18.803911 85.746380 48.358874 88.875078 68.000412 45.440069 52.709356 66.475171 3211.015851 95.286667 42.701594 23.987205 77.160797 90.630079 16.251397 12.035008 23.703526 27.241638 97.921305 12.619267 65.200592 7.262294 16.616282 52.255276 75.144809 97.379367 68.679656 90.802947 40.486614 89.142288 1.894069 3.455400 3.685299 27.010534 67.902069 94.486098 73.070423 88.726026 19.392390 9.515068 50.107748 23.307887 85.756835 98.955476 62.300351 73.821098 68.709538 68.203231 43.411481 22.946316 43.720766 10.879003 33.249699 48.990436 67.533830 38.056193
88.569687 45.565373 39.697811 55.452213 14.438050 77.656937 66.665044 57.180480 70.966930 71.455559 94.734915 78.999483 62.629702 15.185396 84.947470 97.489417 90.013588 3376.978565 6.107660 74.004704 80.966428 21.793736 7.687983 37.075759 63.139722 64.884406 31.796759 58.606693 70.002796 10.384827 11.744269 24.554686 36.716524 10.909261 78.230836 85.934332 9.039804 41.088635 48.175544 45.665027 36.394561 7.398219 33.890453 82.758804 30.808859 99.067940 82.039671 30.064662 49.252888 76.510561 87.803814 94.528192 76.846584 28.506465 77.389491 82.114995 9.683435 81.412464 27.011153 20.197125 16.727826 20.516710 39.223208 3.947071
62.557006 4.865060 6.795919 6.041843 77.775138 91.914561 99.934622 4.652660 85.699138 46.743406 39.314520 13.234823 51.063432 29.737176 12.613626 49.014497 50.579005 16.698486 3015.755576 48.502763 3.928586 83.954977 19.600505 37.336658 80.414344 19.969992 91.138600 49.562866 80.233042 33.151310 9.785904 67.142564 23.406770 25.199183 4.414375 39.521551 17.289927 67.797558 65.313314 83.659785 40.568607 59.950271 21.409826 74.313809 86.123276 45.879563 83.282130 3.337574 92.875311 49.152841 68.928160 38.985966 95.556151 57.720093 96.249661 78.073943 20.753960 0.199192 4.054284 4.150695 45.467157 79.643744 92.442028 39.205382
44.492666 78.388771 22.098345 8.703895 79.444206 38.985369 25.239644 61.753352 97.227730 92.099907 98.459970 76.584098 16.216190 63.662698 15.152881 15.774417 25.049822 11.676101 38.027301 3029.251783 51.374223 42.849244 93.236436 84.023959 64.590833 50.918645 98.005407 20.050501 1.419741 11.206846 21.019855 0.905406 58.128346 31.516626 65.255804 64.171584 98.857234 83.302669 32.775598 26.719374 16.906009 74.107211 85.621470 90.780771 48.769890 0.023345 2.989644 86.516850 11.445340 29.249935 3.252271 5.765739 52.059046 37.569813 17.494886 60.001572 66.123497 81.009116 20.518142 1.286275 33.885461 56.663475 5.945234 60.972675
45.958864 50.863538 36.176027 75.148239 94.098521 51.816677 64.682036 70.461388 17.523034 4.923292 60.555682 96.667147 61.757002 1.074404 81.151940 29.335402 77.944421 17.833178 21.389299 22.625632 3290.714082 72.937319 95.462333 25.876377 7.904630 1.114852 14.141507 39.744625 61.713257 51.290639 42.664085 96.622918 77.550840 57.627683 30.609946 95.674362 48.972976 86.823891 9.570375 74.267383 99.930316 42.573111 95.712483 49.623573 10.048253 63.843151 18.081502 97.225804 22.678164 40.439323 2.447075 8.631627 47.162467 33.942386 36.031253 45.040736 43.829085 76.727615 30.380049 70.766428 82.915445 76.852537 13.538717 39.532056
83.807463 4.632770 83.842443 27.950413 94.761727 26.748970 32.032488 64.618294 14.296996 46.400995 6.315703 26.273333 9.270853 97.707784 32.325603 70.157139 59.537361 54.180591 63.626822 58.148235 6.904790 2808.044734 92.602143 31.721268 49.591396 19.038132 51.741605 18.280437 59.970844 14.256463 89.811844 55.897740 90.165117 66.204894 31.808960 2.920025 51.878925 4.329500 48.628988 41.851339 4.378080 4.708324 16.689219 31.089626 39.617634 80.975439 31.304056 57.961737 30.325919 26.916903 17.083935 18.925875 33.464246 52.444146 2.965688 83.139256 37.394029 95.460333 61.518046 34.246872 8.936826 18.052761 83.548994 57.111980
61.098648 6.100613 20.954401 4.250996 60.545874 23.137214 81.924243 3.777804 70.351863 62.258453 50.923557 84.984308 38.246438 51.310964 78.167438 22.847677 41.177660 94.442860 72.366444 40.640835 62.701830 57.265628 3298.357774 55.863412 1.953133 88.871021 6.839538 67.095997 72.542355 95.175943 91.927247 77.261109 33.191244 80.861866 73.278039 11.268782 56.761834 45.731122 59.985564 91.568832 55.257487 0.243028 78.326641 67.622966 24.421057 45.722196 87.708931 10.876408 85.127916 10.008038 4.893228 55.199198 5.546086 20.010009 36.983242 82.327546 68.413996 0.751447 53.925398 20.800198 79.464608 96.371043 75.690135 47.054466
0.831292 31.898449 32.415190 75.162992 84.419124 41.200870 74.974883 77.505075 77.132980 30.427404 5.076919 91.834985 77.441503 45.323613 27.088397 42.583945 85.521184 95.527297 94.798128 41.323249 89.017111 5.616583 68.998687 3341.977007 90.507929 83.348285 23.845259 9.557734 34.482485 98.287702 40.696863 7.845154 30.601284 50.925620 90.865542 27.197141 22.843987 79.825908 27.966606 47.818973 11.631977 84.512671 62.857585 67.048479 97.595256 41.851133 13.843124 41.908132 66.121491 41.556600 3.647658 85.301764 29.077190 17.299873 47.094187 33.145287 28.562077 37.260835 91.245176 65.688933 97.367586 53.039847 14.205640 42.824610
30.775213 34.843651 82.674405 7.563968 74.647498 15.918809 32.222207 64.033472 17.279808 82.740618 76.304249 16.750402 9.633050 55.019001 54.247918 0.889526 91.908285 70.375511 7.403603 60.546719 95.345810 42.020692 96.750485 7.664258 3564.358242 69.840546 75.542657 98.354941 23.373427 54.614639 92.025757 70.767331 34.119350 63.033064 14.908876 56.867940 46.601444 99.666767 66.335686 52.453249 88.724896 80.783190 33.085144 96.938085 54.609118 43.642636 89.916719 60.511955 55.270746 9.802114 99.926107 44.809930 69.315671 19.920454 75.322117 12.818466 22.414440 99.394759 79.292599 8.208085 62.921767 41.494067 68.540417 72.660808
21.451391 18.208098 51.787651 62.411203 3.926070 81.833666 25.423618 33.838111 58.850137 20.107127 41.706859 32.353157 28.794182 20.012513 80.162247 35.763417 31.245304 15.097241 38.619937 2.993668 30.568825 52.625655 31.208462 12.386024 28.645828 2737.925985 24.106959 20.567943 24.288770 63.843643 79.103978 15.110876 68.615873 41.874474 58.034669 98.562607 71.839595 82.315066 44.630133 61.486188 8.765300 50.438736 33.458563 16.986120 80.166421 0.004868 98.360288 83.066499 22.318593 98.807595 46.155336 33.573598 33.793967 14.324758 23.670064 10.469343 13.325119 67.269801 5.415421 38.943019 19.237594 88.136375 47.157133 6.199740
11.244811 33.669113 26.051311 22.183070 31.456801 69.329182 4.637230 53.110123 91.611715 38.364244 92.560255 82.942020 55.389659 83.601857 87.961785 10.944613 38.124101 26.157190 76.644362 25.391194 55.148987 26.218862 73.800942 58.614448 37.422144 46.680618 3268.301275 89.378042 10.563550 7.131712 77.635615 52.585338 42.407272 94.404196 26.594179 5.447577 74.584262 73.040623 37.830749 84.776211 15.936521 2.198489 98.028594 44.041840 75.056847 28.226656 28.441581 98.642783 3.325255 46.694113 81.473138 16.502424 9.849001 53.955464 93.560109 8.526763 5.006607 99.334217 74.821554 89.621858 40.096611 54.905383 39.583552 70.380478
55.983614 61.537723 73.414597 53.564002 48.434579 14.761043 74.191246 86.936122 73.496800 59.127936 17.434598 75.652377 97.544243 46.920172 70.612947 77.807430 52.478631 76.540505 37.679405 13.073039 94.351985 52.028979 44.223635 74.020181 68.653638 73.343813 34.030750 3491.022974 11.599122 96.247947 74.435631 84.143110 30.986252 86.696978 5.407980 40.840164 93.581588 95.133662 34.495896 32.102011 9.965621 21.991669 75.328256 77.385937 23.725496 23.819548 11.984966 44.924290 40.768701 29.000777 44.887246 77.917856 18.475963 47.745277 87.296539 53.024557 78.960334 57.160428 75.458572 59.229279 51.780713 57.837547 13.390139 40.251999
1.848462 62.453146 99.823649 22.327851 63.948322 20.310133 37.218453 69.297195 77.218883 78.911569 22.629656 19.250093 34.492797 5.180717 65.241927 73.421609 83.399046 17.184782 47.595225 74.806028 68.827716 37.614873 42.498347 15.545778 53.338065 39.086359 83.361149 59.818022 3344.078684 56.745531 62.991643 29.920014 96.031297 85.070200 52.198546 37.540873 91.044482 45.759103 1.219283 47.799232 13.898526 89.452706 11.404755 47.621735 86.045559 15.797752 9.520829 79.202759 55.535725 23.019979 37.725024 94.603313 53.290726 48.437776 98.237906 3.807233 34.616673 92.472925 68.634639 49.093360 22.678736 84.583493 64.451792 46.532866
47.923566 9.139013 28.393808 13.467877 90.575549 1.278977 32.081061 14.051801 86.348455 76.591894 91.923689 51.750188 2.382010 35.864003 31.243302 33.357330 6.313124 47.975994 43.378612 42.767259 25.794082 44.112734 25.878789 16.946065 66.568524 61.227301 96.700039 74.654900 97.934567 2781.315972 46.672928 43.626676 79.625822 41.590814 11.216711 42.504374 66.061379 78.701930 3.862499 62.734700 96.776752 52.730366 59.638649 24.631168 66.519364 23.624753 57.895622 52.647575 70.817521 6.700979 12.828417 10.767394 31.224193 90.254953 41.415353 28.455559 86.442197 23.147092 21.868945 37.931373 8.745339 5.293622 47.734322 43.465936
56.112957 53.756613 44.252089 35.433196 13.310288 13.968738 19.212798 74.778935 78.443594 23.277657 72.703820 37.930557 39.808137 4.271944 96.145037 41.838876 33.879447 20.442746 34.293992 35.249876 52.750647 23.996087 85.520343 96.468075 27.660766 74.005566 3.362460 32.095220 99.265131 50.985601 3252.326329 84.113703 7.975610 17.740421 58.751555 69.558670 49.174477 44.341661 52.390853 68.890511 70.461570 55.281547 51.417054 60.568726 24.420756 93.400786 49.760144 45.816373 93.295500 51.809848 23.374780 9.840084 65.729949 30.580491 39.911399 90.934750 92.274075 64.639004 7.969990 37.729676 84.616696 86.384086 74.373543 66.883449
20.130333 3.844145 93.335847 88.885996 60.665243 4.014330 32.274858 43.225923 6.685815 20.875535 38.750965 20.844651 46.651287 38.392721 17.582009 54.798457 27.963212 85.163635 48.777366 19.102850 90.713262 19.558124 88.933620 25.183774 99.300953 91.507920 78.175829 97.048231 57.838033 89.761401 9.710393 3343.665214 73.450371 13.222273 71.173461 90.329085 36.632669 86.688774 94.034413 89.536027 26.487894 82.122913 80.595125 84.986899 9.234736 39.381996 56.712211 90.784826 33.329335 8.569532 81.407107 14.418978 92.985977 37.253822 77.809944 38.379106 53.599181 98.206817 7.777486 43.642426 3.311852 66.292484 20.465051 24.988257
36.396747 56.341548 62.112856 97.396919 9.125561 14.742133 37.866828 17.332221 94.470176 92.236963 76.604531 13.395014 55.450534 29.696641 14.791609 56.390933 18.113428 77.098761 26.904111 90.827773 23.386022 91.277697 31.069514 40.376053 85.471430 50.068144 63.074071 49.818935 1.166887 23.017776 88.961578 41.707110 3120.538359 76.492773 13.174575 89.103190 49.482642 57.426910 2.926801 11.176739 11.555098 17.360030 92.558921 94.772276 63.239231 78.248757 18.851214 9.529798 92.682776 24.166459 62.295199 72.632604 59.637832 68.058152 23.031670 83.359046 44.093001 41.169352 28.463337 20.443164 29.012311 14.218225 84.206643 97.793904
93.525822 45.316620 93.999722 90.793688 19.636616 52.684001 17.107320 84.013598 64.217062 26.569756 14.485954 50.666193 28.555069 30.509549 30.442566 15.313583 24.296956 57.774785 95.722187 30.051976 35.935879 25.877628 4.159741 36.585006 31.308771 57.424634 81.338711 30.692138 70.468762 29.246648 15.815817 14.291565 31.837252 3196.462246 20.792906 28.909456 0.579750 41.170789 85.867794 53.063087 67.422073 38.701432 13.158913 7.840456 75.786765 93.572790 99.259810 37.906739 41.175760 15.339239 88.931179 95.968941 51.920721 95.467892 32.023210 28.246743 41.767367 81.577270 28.346060 28.643213 75.848407 94.828075 74.942638 66.803224
56.717135 45.841781 95.350594 48.490257 38.971270 51.752421 57.308641 96.350821 90.931718 15.602978 2.356051 58.920183 35.258034 52.666681 75.404922 17.679595 23.535593 39.477484 73.478536 99.662868 86.788787 31.280970 69.453461 43.058791 88.461059 73.131706 95.516529 83.704439 33.069631 64.530383 34.770265 52.114036 19.325139 51.130832 3278.402120 51.248949 7.937264 37.334811 24.194064 89.961205 96.203474 62.883893 75.372928 59.239512 22.698338 17.519241 20.521370 99.714662 94.323399 51.883737 60.894828 55.296217 34.690636 29.033395 10.287041 91.289707 98.815860 18.040772 9.819471 5.949592 2.160047 13.364399 35.827325 41.660620
30.094399 50.816445 26.369185 66.179460 51.491241 88.064989 93.889733 99.288130 61.572116 87.849893 33.654670 19.216529 81.272872 87.142475 90.179865 99.575674 5.027446 14.568947 96.588691 42.127323 50.675991 0.730825 96.907108 46.329691 4.233943 60.941325 4.270371 64.814234 69.663703 37.011906 63.380637 22.900528 19.377472 8.280141 10.252379 3189.444942 5.836071 66.547424 4.371086 49.497801 18.598572 10.510574 75.535384 86.402940 47.455368 48.905336 60.441546 86.372881 62.465030 19.712692 41.687929 20.766668 64.418131 43.213498 92.843533 73.487271 64.574826 27.852555 35.892374 77.726392 96.503262 36.744213 30.145905 12.571264
98.887777 7.857686 28.123005 48.702092 40.168933 30.219045 25.709811 52.041894 59.307001 54.741475 4.791902 50.054481 95.477746 75.295899 87.819622 72.963928 82.759734 54.081802 17.534841 75.601152 64.305426 42.787571 50.492787 11.605605 17.029216 49.365326 94.724198 4.292849 94.331636 73.375740 58.747859 17.242553 16.894929 95.694176 6.346530 35.519146 3035.250097 20.939208 29.688199 58.176625 64.015375 58.161233 16.642631 44.556058 26.910339 12.861727 12.713007 26.810127 14.713250 17.138619 42.837258 96.416002 61.284586 39.531136 0.275852 15.024371 24.725284 55.936740 89.109059 83.835754 42.546888 3.589486 23.222487 69.594931
62.054477 14.537397 46.546794 42.455291 6.152338 48.868703 59.138597 58.209986 24.704798 56.992892 35.341258 87.744270 20.283155 79.548131 12.969276 24.062703 82.798641 92.626498 26.209652 23.668815 81.007613 34.101135 70.377242 29.284936 32.958156 38.262030 29.410864 58.304115 64.603408 2.019146 65.622770 9.780779 3.309751 57.208516 13.280167 56.453566 39.128599 3089.687480 46.621004 49.262189 3.225684 70.678921 30.843336 78.330765 68.419922 34.984604 93.676879 44.369866 58.241256 63.998851 16.696640 93.307475 29.849555 37.805743 94.356045 26.404375 68.187702 33.723075 59.885575 94.871659 60.627424 12.173030 76.550888 37.157594
62.154654 13.058534 23.109692 52.691568 67.236763 46.957399 27.853288 34.204389 80.781885 23.005572 7.473894 7.007698 63.756514 9.946898 34.000179 55.325616 90.200336 83.941891 87.911858 80.272545 38.143221 92.792188 75.446823 96.950334 16.416151 8.368966 39.350774 80.265943 0.791117 9.882676 21.210282 6.092712 98.284266 40.522820 37.348914 57.408767 69.552037 1.150551 3160.145161 64.137400 2.792729 79.879838 90.091346 84.980858 47.545403 66.475477 4.877161 33.784578 65.897633 61.036460 47.352764 72.866133 7.478586 70.270119 4.548872 8.441494 39.335093 99.175024 77.095448 13.391265 49.529363 79.590153 26.333390 26.832507
71.911754 0.422929 39.068877 99.365772 71.339319 93.496576 29.187196 79.162378 26.966486 85.551926 48.556571 42.833378 44.413863 85.881770 92.447390 46.143941 71.991407 78.458436 33.768620 99.004300 59.545688 15.851385 64.794458 6.812058 10.989981 1.261763 45.998250 49.233146 89.594865 38.961996 66.071725 47.766777 92.671101 67.185247 37.803295 70.581475 68.726246 45.957993 32.062661 3594.403835 18.665569 93.063914 81.839178 22.373229 44.040493 59.986641 24.280045 11.128974 19.100028 61.257489 66.564927 19.728133 32.206123 55.444346 56.222367 82.164017 55.542328 19.556911 89.578618 89.346790 82.789238 29.666456 85.060645 95.784639
58.134091 89.951129 5.039305 71.894503 33.903259 58.325765 80.892755 17.284197 36.404999 11.086310 97.069733 82.370470 63.924993 87.237749 23.548029 61.226615 49.240201 74.502920 21.333506 27.810065 58.830151 95.646475 78.165685 76.661714 58.580866 7.552298 95.435664 41.191076 78.665415 4.811499 56.950894 69.839678 94.788376 23.538799 0.797251 47.286402 67.290160 56.715524 70.665245 24.859291 3323.870169 20.665951 87.405084 24.022730 28.936085 3.020396 59.982233 72.182541 57.496914 47.940266 45.003887 44.627572 19.536895 18.888012 62.645799 99.370351 3.784110 38.424992 3.378802 90.966603 14.616699 22.215330 95.721461 67.022747
10.153865 22.361100 95.235522 84.731068 79.963340 97.935285 81.463176 37.885591 3.162953 49.089524 43.025615 53.762726 12.747622 62.523086 76.487983 39.664974 76.821756 94.898388 4.419581 85.761000 21.073797 3.629795 55.094766 86.393786 46.505459 39.322577 62.920228 87.933957 79.777880 58.679412 18.808927 49.543840 77.440816 54.406891 86.964064 77.632399 58.555339 74.972449 0.910743 38.704379 70.502878 3546.550791 58.860633 56.218536 16.047930 93.171811 98.083764 48.543097 39.307704 55.313003 71.650680 91.879313 4.931685 57.659389 46.613541 80.968578 34.744862 29.239424 89.255861 62.025462 74.446864 3.897177 81.467064 27.821838
83.047642 18.210090 67.841605 46.870012 77.394542 99.502505 31.130570 35.485118 87.063714 19.895131 66.204522 94.450310 65.308695 4.301919 58.350021 40.255118 31.112946 1.801461 52.171126 57.656624 40.375810 57.032389 57.408471 87.569367 37.262528 86.946149 59.337833 6.944163 69.419487 42.413298 49.791749 72.646068 69.827038 51.271490 57.344782 21.542980 33.324543 33.931285 88.708509 11.440513 14.917230 43.401330 3090.262561 39.024998 4.247869 70.312289 96.069225 44.206750 29.759569 43.098613 85.597883 28.493383 71.834880 57.778758 24.897785 23.957714 5.465660 4.918237 50.534486 12.231214 15.984371 79.963275 56.300296 22.545033
58.776892 2.053438 25.922422 40.593674 21.594446 32.230141 91.267872 58.461094 25.649505 32.850316 0.376726 1.818688 52.060042 57.593169 64.308043 19.675585 91.354906 26.431743 85.919313 28.562596 25.129536 12.743064 15.239502 11.459691 57.224727 96.630979 0.775353 8.710753 87.394514 38.642873 59.547697 55.844082 82.807900 68.062820 10.767156 52.582850 28.537526 98.590931 34.870248 22.510118 9.270750 26.528029 49.120973 2708.412128 96.695733 56.675420 23.419394 72.897219 37.407683 55.119544 96.189898 7.485373 44.017600 5.877327 84.648334 27.750017 10.638211 70.275456 53.558972 4.798979 3.477665 59.207503 47.031730 19.436333
61.498296 69.222543 36.155828 58.706096 15.794215 64.006450 52.400452 33.368814 87.708509 40.170174 95.653542 87.221748 63.605494 90.873356 50.705587 88.408350 17.532929 38.904898 55.914226 25.487444 56.839364 22.850179 3.648773 40.561407 87.139731 38.902966 85.764071 46.837761 93.357916 77.987340 11.197495 15.314241 93.909625 70.578441 49.352340 18.695172 34.753966 59.134875 5.800359 54.935835 48.654097 56.543179 14.107748 49.402116 3557.221894 81.821933 98.273888 96.485631 90.396118 23.188174 81.067610 61.890664 18.531401 86.442881 63.483518 28.810126 53.563208 88.943944 57.829479 25.844838 28.464271 32.046535 30.120350 69.549179
56.543820 78.131310 64.838124 79.651271 60.277077 80.700003 24.541025 83.657679 87.359371 80.869780 33.650170 67.555569 3.603973 75.290656 57.200182 29.788076 95.208752 74.450828 18.761611 68.406888 38.272835 48.906246 84.435849 18.310088 24.136437 6.378592 33.635919 82.015305 70.694022 62.773179 80.429461 80.744127 47.716773 27.905726 60.983663 39.564093 37.306055 73.819110 99.198807 49.430265 31.080650 9.749907 41.642576 57.384574 58.996436 3599.647922 3.677352 82.588519 77.129364 15.336243 78.485805 13.917512 85.520033 97.148906 20.360491 1.295352 66.743281 43.939343 91.448248 10.099198 87.387393 67.481585 59.968379 21.927997
89.559987 83.680396 0.214124 11.340984 57.662666 7.049882 48.084779 12.403286 66.097397 59.289940 89.487166 33.105844 40.178422 25.099397 65.027751 9.322931 90.764745 15.353113 99.887651 85.095169 18.132268 16.032907 66.543553 32.616189 78.611477 12.926727 33.380392 10.980773 73.207164 25.458968 2.672627 88.675308 70.505928 68.610066 68.921568 94.765125 66.419365 37.120046 44.611339 49.136044 77.793127 71.949199 41.877933 17.831817 28.672531 89.807520 3251.856544 74.008680 46.390507 32.907781 66.488504 24.405090 25.809790 94.395095 69.693265 4.382870 87.463169 38.673439 84.369733 78.551099 16.693996 4.381191 17.627357 74.977859
88.914467 43.918509 54.748259 7.850367 66.788491 87.222283 56.298005 45.497136 80.789375 75.708837 32.887101 9.082999 39.806212 62.278563 40.288688 63.141253 82.506609 71.480226 2.409072 20.947845 42.862648 91.347461 71.044738 7.278783 11.471742 23.577265 4.915496 84.822138 82.281983 95.604927 13.631521 39.834824 2.354913 40.250676 58.488562 5.280682 10.394825 5.398742 29.878794 96.062149 87.825588 84.759622 93.523654 25.498476 4.556745 31.814118 39.788284 3201.976710 20.128982 79.940398 55.444245 13.393215 25.303173 60.454661 48.212381 78.464489 88.765474 81.505506 61.976050 26.213999 94.802853 52.967172 6.034597 71.122580
41.235988 91.593780 91.707103 0.129878 80.240678 23.239513 84.924269 19.083461 46.050863 36.877377 29.981786 77.272580 79.916127 18.699246 37.943427 67.341253 20.325435 58.162231 29.866729 27.480517 96.642291 95.576745 49.914654 42.471598 27.815318 95.637198 78.906900 31.978324 85.292105 68.644243 14.963750 1.895448 6.956023 34.208671 86.138840 69.360113 67.473835 25.726966 31.686645 3.169245 13.864482 96.487183 68.082040 31.185191 68.228949 16.726381 9.237625 60.595850 3322.287778 71.941613 25.984816 61.894153 67.000819 56.907208 22.942986 67.189238 32.239895 82.734911 33.530240 56.246769 84.325287 32.631186 7.622655 81.566787
65.791185 24.369852 1.900952 71.384306 8.020427 30.733976 5.107460 39.686066 95.560711 17.001397 53.356392 74.482754 39.193292 44.233748 1.505104 26.104352 75.031576 93.553533 80.918109 22.751593 63.761895 35.410935 13.124982 40.754649 10.568507 82.612319 87.959232 53.625378 70.784019 27.342588 52.016064 38.606054 27.283702 25.690783 6.754213 66.695614 76.491571 7.570464 40.575645 30.688313 91.810145 9.826733 88.535551 70.965152 22.115637 70.790178 63.862369 39.245881 88.897711 3053.735691 5.073194 99.544468 37.559166 61.025087 30.932424 12.117587 21.983546 48.732630 42.830718 96.173068 76.495383 98.087335 75.541527 57.982035
88.405910 76.806931 31.953738 37.574449 28.933135 71.565395 8.132163 96.038422 32.252051 93.641546 39.760086 95.627694 72.494418 92.856545 44.694522 43.870107 78.065931 67.396427 56.026794 31.065582 79.168483 1.352430 40.071051 52.110573 80.639206 21.840523 76.606926 83.592873 33.701869 11.580720 47.529170 30.701471 43.922989 49.314479 34.062230 26.926691 74.951556 32.003552 37.550902 46.595032 64.960318 93.380954 39.022367 56.618217 17.267147 28.090512 56.481976 24.986641 61.911563 6.813653 3245.556169 41.181197 71.948921 12.038337 95.111056 15.652955 73.599560 33.644628 14.867092 87.886735 72.677131 71.842275 56.647798 20.575764
28.640247 93.756381 31.828679 43.604269 92.031745 43.936999 55.782797 50.239951 78.532310 98.887144 44.706574 41.945774 14.474700 16.102076 44.753565 34.784191 31.062282 22.616977 71.120519 19.840806 6.452866 8.179374 36.933891 21.883804 61.931019 51.608928 89.747920 17.654757 2.858810 72.200574 60.671531 10.631836 68.716351 71.225500 8.420690 51.828795 75.685623 30.835689 75.828737 57.544473 31.692709 10.046236 93.833920 37.362176 63.176145 9.685643 42.389950 75.351824 8.294234 16.261280 4.712424 2820.252097 66.895455 17.659565 99.463191 45.428592 97.037808 4.914687 45.925295 5.311562 76.801067 15.356920 23.375303 75.698097
17.469307 49.443902 45.681934 1.543229 87.276425 87.216454 33.489825 50.930626 55.177412 25.092780 6.806712 61.273124 33.778424 73.616479 22.131456 40.864751 36.669566 25.749148 68.240102 18.608360 98.894420 78.955518 67.658704 86.896821 98.449985 68.784863 14.122799 16.057279 81.156973 11.765405 29.396595 75.371387 81.275570 67.080505 2.801472 12.206219 32.221872 91.983006 72.499644 56.543504 87.263834 50.756586 92.400656 94.853694 89.501322 86.714739 32.967662 15.741553 22.822518 3.485297 87.621690 31.797594 3430.082853 0.976590 13.011004 0.027416 84.030392 81.912278 34.135895 47.765310 81.916179 96.804167 97.594231 80.022239
74.528523 29.720345 11.133005 69.415141 93.623432 62.735426 48.827073 44.480631 87.314382 67.970776 21.623331 98.490151 50.359775 83.855673 37.098270 5.835787 43.742839 17.394189 47.663639 91.961465 23.616330 80.739722 58.593715 36.171990 16.939711 48.084190 61.296570 23.770990 29.903515 43.537997 29.332963 3.864585 85.691203 32.558519 11.322970 17.415794 42.965164 78.801825 28.283399 6.564975 80.595593 81.877324 74.475362 14.940616 46.302040 31.910712 15.985621 45.814730 4.358956 7.831971 18.392691 71.786331 17.232915 2781.300158 18.264936 82.046103 49.695545 5.614977 75.746232 12.993629 15.315298 12.624305 83.596296 37.879654
52.998922 46.776219 60.636371 45.298900 20.787808 24.665202 46.531551 43.181373 37.175762 98.171232 1.842385 68.624802 18.138762 34.910431 29.778900 97.869322 53.276846 12.339147 0.970355 93.747429 3.423475 22.095847 36.334217 74.581253 15.815264 46.393041 40.322497 44.220870 97.494312 48.193970 88.727605 75.461704 6.334442 93.552618 6.836911 70.650093 66.344722 15.290873 31.732070 60.196213 70.474173 82.270837 42.931881 35.747277 47.870301 73.940991 75.357123 10.934948 92.428707 41.689906 40.016383 63.864987 21.672019 92.373300 3054.411926 97.696557 46.719502 0.230440 24.993607 57.846331 10.956704 56.517895 16.438341 26.236142
9.483681 63.367233 76.733538 58.750793 42.708576 35.921021 32.554356 34.915905 85.340660 95.835483 2.324748 10.661137 2.179709 55.931451 43.623262 97.403247 35.128207 79.011271 98.392683 8.183700 33.013435 42.485397 83.533017 68.135497 7.144846 51.275358 78.806795 71.423005 25.822995 62.969778 34.401621 98.349734 1.480005 35.185837 71.870359 48.910732 62.938457 33.935644 56.124231 62.617114 61.854031 4.280962 58.464485 54.981668 34.651764 23.228800 59.310532 51.966357 68.108292 78.239406 58.315558 81.098571 30.950477 26.884513 28.112458 3294.251853 89.143502 80.429245 8.220713 55.856152 66.374691 58.343236 22.847277 25.355239
24.383115 82.051309 47.035174 32.770404 43.719590 73.446923 63.043332 11.050142 11.056783 20.072091 0.411532 91.937500 75.540838 89.731246 10.287399 14.233115 58.679710 40.919848 96.633964 57.294689 80.146558 36.929652 80.142614 78.451945 39.185213 50.665024 2.988034 28.068403 26.045898 42.544575 19.486047 9.503925 80.239256 70.488556 21.932820 80.833403 11.009483 92.658032 89.391948 99.918586 66.924686 49.829443 90.571411 98.905904 87.646137 19.254692 10.435069 15.880011 53.569238 50.440093 59.751273 32.153612 7.205693 86.975707 37.909147 93.293163 3384.751985 85.318884 27.501046 87.263841 81.001127 41.247679 12.972355 25.231814
76.021502 44.598027 71.049679 94.918859 2.018772 39.491647 11.940073 23.366895 62.211124 73.885212 84.001678 65.446430 8.510006 91.687017 30.840646 77.998171 71.307375 93.228442 21.292515 69.900596 56.041233 74.261066 1.543148 38.501786 37.636358 99.980727 89.162145 67.410071 93.699372 89.937127 85.484534 16.455059 33.917688 63.038266 75.053624 99.111525 75.318530 70.990272 94.856499 78.743113 71.460192 95.731726 83.389758 93.950801 28.263462 56.156868 35.676064 56.177688 79.613313 81.396162 83.735625 68.936103 84.680787 66.127716 85.992421 10.573089 73.144366 3843.391999 1.394901 59.653328 15.327863 52.345678 24.151524 75.613162
26.005492 9.151045 31.414139 1.732021 97.759854 61.867924 19.096856 60.640939 4.007557 15.071085 1.243641 30.316208 19.155969 16.245170 25.580769 84.916379 89.626442 33.899331 79.218837 74.774793 58.843280 23.983341 46.994502 97.194469 92.211901 73.243496 9.334114 75.589480 48.718516 88.886285 96.380456 6.607268 40.823368 95.629085 97.793374 2.295410 5.048771 73.235935 82.023433 88.731974 30.164946 87.061883 18.578900 44.043327 32.027058 23.991730 77.467330 61.559516 35.982240 52.859392 56.763769 34.817961 52.675095 40.775336 40.762669 58.228659 18.679677 0.565191 3047.759052 94.312104 34.312386 20.226986 55.918432 36.672587
21.742136 81.936024 35.136198 36.391570 16.970914 5.542254 99.713401 35.415166 0.058189 13.687633 47.050143 13.456121 89.181855 93.204152 1.243975 20.331193 88.300180 59.206565 30.971858 15.402905 86.633897 61.054751 80.395734 70.260840 52.618617 51.953931 51.220179 28.310873 22.353981 71.333755 78.716275 73.029476 40.696001 66.528694 75.828049 33.798233 33.466866 75.432116 19.489969 14.851794 88.890448 30.151142 85.574403 90.510592 92.246605 36.470843 15.593473 72.093744 47.172512 29.425749 43.929134 37.740895 42.377047 19.307688 79.704336 17.490954 37.700430 25.706805 89.738068 3025.546920 16.350840 23.303868 20.908802 71.142613
82.233851 65.896165 39.182244 84.544616 19.661792 4.921138 63.372760 57.371025 21.982058 48.003426 92.496012 83.271228 59.300136 76.574329 21.051674 36.892670 46.413362 94.844553 30.621576 47.144039 8.174504 84.438097 36.989296 13.383954 40.339062 80.639150 35.040952 67.974819 3.372447 12.390685 25.704995 8.995557 33.854438 55.012236 48.675291 71.584534 16.547121 83.445712 48.436644 38.404102 33.535347 5.671868 30.431683 9.743814 73.621137 83.846952 36.783976 76.132310 77.178575 6.032835 29.461752 19.035868 72.196203 0.198606 43.178505 96.918143 64.872073 33.756524 23.961937 0.011144 2816.674138 17.401507 5.264979 85.623806
77.165147 59.302632 44.032352 10.959160 12.990467 36.656882 30.001709 34.683454 70.095436 1.127407 84.818827 65.125411 10.240692 40.616339 65.909421 39.194571 90.812169 49.497641 9.036693 15.033872 87.276249 23.977383 39.737003 33.720953 14.843692 2.542074 85.577608 12.984176 36.641182 9.958659 1.629930 85.989091 20.288875 91.586480 78.376388 83.499143 64.100022 14.869820 94.179907 20.531395 94.565023 97.512578 55.800671 92.981442 88.056599 31.715564 37.814685 26.052755 54.746068 62.379695 36.051870 13.470782 61.598879 32.072923 23.264510 5.500351 84.493068 32.750675 99.553913 1.841863 42.864045 3031.788349 30.815355 7.916685
2.019604 20.023264 35.608110 15.250785 55.010547 75.759884 47.691551 58.224418 30.830624 59.795069 58.185768 53.543940 73.592066 72.514967 77.212977 32.901301 44.588613 64.012303 13.691480 94.047612 32.284454 54.585999 86.250166 63.954126 27.044599 50.620201 83.514387 53.928364 3.195566 74.590608 94.993186 15.287405 58.452237 91.967838 77.321160 17.500669 36.755340 95.246552 9.017770 75.411130 68.297598 58.818249 58.207125 78.551376 92.485545 80.962677 76.508911 39.628027 17.561911 14.556288 48.294021 87.426289 30.693277 58.110429 79.687693 11.235204 3.643992 24.823172 63.792182 91.762936 72.159893 3.963812 3422.871980 59.019173
95.948822 92.275347 55.337428 18.196628 74.597607 72.191764 23.135698 91.421297 58.106215 36.082792 71.233772 45.613073 9.911400 83.698261 82.849117 44.608921 6.550475 96.047662 44.446641 84.892498 0.649284 70.019494 87.595727 85.591299 1.045803 44.018417 95.873080 80.679087 3.738290 42.471357 51.462166 9.937457 96.235559 0.046407 66.324973 83.137482 86.984249 16.134085 7.223396 89.720471 12.607772 48.702367 46.691452 38.395289 54.621047 76.789241 57.320825 77.796552 61.053981 65.350702 69.474938 52.443479 17.002581 58.156915 8.228772 55.396132 86.123715 8.406494 75.771486 32.596361 40.084282 83.651327 10.440280 3382.184001
