32 32 f
1798.040828 90.723838 79.562146 79.345167 80.764433 89.054715 97.717571 28.063624 45.371936 97.178158 77.150291 68.327818 43.952912 36.338901 79.393503 5.052273 88.222130 25.890373 76.368200 41.511041 9.615331 51.034648 37.961917 69.283327 8.141100 7.774071 3.842140 68.039637 40.475877 6.224253 2.989229 68.060135
61.398427 1719.055533 44.944697 80.305805 59.057247 60.240863 85.545307 89.270505 39.326367 3.971663 64.387040 79.761659 19.957230 5.499030 99.513998 25.500579 81.349513 37.619947 99.197068 22.463940 39.603139 54.172211 16.760806 14.451389 90.411074 30.516135 1.586097 81.923049 56.440107 33.341126 18.007122 98.943609
66.312746 3.194367 1297.506261 5.967865 15.895891 16.456968 33.446648 40.274870 35.034111 74.343189 80.477931 43.980266 22.813428 23.118240 93.162816 4.180692 53.506296 50.310361 6.845878 2.415855 43.837716 96.666289 5.393131 81.821937 25.858405 74.638132 14.761519 3.998838 68.074513 40.824807 63.404283 56.689502
36.107501 14.145011 3.090579 1817.072482 9.867217 98.642739 58.339124 95.077714 94.204383 9.802797 4.805745 85.157885 20.835451 52.491769 89.781442 58.344687 44.414449 67.639200 92.649331 87.152077 56.842674 79.267716 37.071334 16.213468 74.162321 44.197233 13.158081 25.069030 53.702951 98.081929 87.275341 48.798108
57.601971 22.291705 48.953739 77.884194 1775.556096 39.133486 68.304610 88.685679 94.972537 60.169811 82.586641 62.233115 53.462375 60.602628 18.345441 15.423545 83.063951 38.122716 53.622208 95.210160 61.228978 52.185576 34.846757 2.189248 73.266589 11.440574 50.591727 33.180769 33.589474 92.658264 35.780786 13.124986
67.513618 48.071414 96.768859 7.616795 21.480322 1631.056752 73.699963 14.083676 3.518793 39.652508 51.762240 99.290481 53.495835 86.384564 44.315610 46.368351 38.427220 93.660512 38.304066 98.624302 59.360183 87.592009 2.475387 6.728134 35.964162 16.653601 65.618034 59.906959 46.897400 29.131128 64.793905 44.647228
4.074164 47.730786 3.439350 86.688915 82.993495 9.002599 1355.558569 1.605136 22.801491 55.265802 56.265128 29.107715 48.669840 22.675336 18.893104 96.912699 35.217761 16.061238 92.885935 42.326825 7.108632 83.308153 12.495870 82.571313 28.702275 28.259109 16.955576 68.061643 43.166398 32.167492 52.553929 45.370582
9.601801 27.809475 93.094697 24.853100 3.620489 31.443241 91.202343 1401.087209 19.653784 45.632802 22.747252 5.879599 95.696335 18.521792 15.341897 29.795394 7.622802 90.597151 7.183093 84.113638 83.072713 18.529359 84.450927 80.812044 82.037409 65.881219 94.096674 3.660734 22.531479 9.824976 94.987027 25.620481
36.126340 90.574643 73.489017 76.150618 20.123025 44.905950 22.122163 12.140185 1353.755291 20.765268 6.161747 22.417673 19.788177 83.386328 0.947228 13.280980 32.935042 8.142603 43.017226 98.349336 51.984595 0.296400 58.700809 93.783284 97.064237 55.246952 6.615904 63.629631 57.615463 32.026650 13.818452 67.121640
46.551691 87.641933 9.485131 71.880583 18.222489 89.916728 60.436723 42.077667 83.792451 1943.662853 71.421137 71.822187 99.628771 86.866343 74.469753 60.401502 86.232302 10.818143 96.044708 86.461176 15.431443 48.713870 70.536813 16.493230 20.307625 75.905875 9.779793 88.111699 36.457079 33.006360 91.936536 47.490774
0.748606 6.496382 32.594307 29.821562 82.995164 52.043228 30.642474 66.427259 76.920560 84.038894 1425.819760 99.110073 66.002408 25.013802 60.312740 34.502492 98.824595 7.397560 72.696300 36.619499 51.405696 8.432356 42.773835 43.281304 7.689593 63.917587 6.833638 99.269733 54.667340 6.168393 50.618689 25.051480
4.523950 33.302292 54.820965 86.685497 63.735752 54.242633 55.663596 77.982187 73.965646 68.452779 89.034058 1564.397289 45.533333 64.086741 0.726176 46.476639 50.059469 70.234006 23.239435 49.937830 29.904747 44.622918 6.932984 99.168282 26.403457 39.509169 4.617990 6.681040 67.911746 93.594463 33.309984 59.174363
98.591926 52.608800 32.818732 57.322044 44.920800 63.560166 40.674601 35.689158 57.202051 73.130869 25.117665 32.872081 1692.040927 11.232943 45.458166 83.266262 67.132785 28.088456 0.765343 80.275229 32.924884 22.770308 48.686902 43.830787 82.065072 87.248720 28.831086 39.227295 69.016159 48.936771 52.291173 62.383826
30.662167 41.148519 15.459989 92.406839 88.982013 22.262286 64.743032 6.287441 45.536199 93.592077 74.034334 88.992338 98.608086 1827.744703 92.653714 88.334149 0.407563 55.271634 78.380666 23.410509 1.265529 1.712786 34.606017 11.412295 56.262496 85.937011 32.011296 88.091156 68.064745 45.519505 93.443439 20.597898
95.514732 93.565203 74.582961 55.082171 95.597734 90.000907 2.687271 47.009013 90.369053 46.602015 66.691922 76.690854 80.596498 63.091947 1956.833636 92.119541 11.327003 82.736179 76.497504 48.410420 14.777486 24.557879 58.180999 84.666132 57.205129 95.883254 65.902535 10.657693 28.610714 85.402198 25.885409 88.359156
93.447222 54.196706 8.217711 78.874766 67.037456 57.298261 33.127146 97.352925 80.176556 74.290487 50.539001 58.059082 62.056243 73.299891 69.226564 1718.702136 3.500498 27.367187 81.932195 45.226224 26.977221 98.664387 1.799012 98.813237 31.775312 19.922850 29.893519 87.411194 77.583774 27.796041 3.124852 36.735187
46.137085 95.252637 68.594943 74.236500 57.226876 56.412861 53.843017 28.951758 96.628942 28.055287 8.838029 87.883404 65.547552 39.204892 13.440307 33.980508 1785.280323 20.864934 41.091758 47.126280 37.914416 71.974472 84.252238 35.331178 80.177292 64.363848 48.113316 5.641114 46.808813 87.685448 57.515471 87.912183
54.632926 39.447866 92.165631 28.454189 56.821890 31.646953 64.598079 31.257619 17.440215 71.671765 3.790041 65.176141 60.528793 98.641476 43.655292 34.790746 68.817805 1708.458260 81.728660 62.823646 69.728950 5.528716 50.447898 65.168573 40.124518 70.052064 20.744597 62.283726 48.443148 96.253154 30.327957 46.963466
50.881567 50.948136 18.885946 35.491956 12.046764 18.448135 12.447162 39.406134 59.046748 17.146028 94.761965 83.893148 94.537093 9.075448 64.829217 82.146722 75.773572 7.194718 1521.652792 68.046464 4.117958 50.913144 53.464454 62.949593 89.803668 6.842974 10.366883 39.981443 40.345280 96.480496 95.429195 8.372597
91.509823 98.330150 10.552288 92.048690 26.814917 40.270440 60.688964 99.118049 73.538197 12.846913 56.577680 60.064310 96.983171 53.606384 83.858578 80.735896 76.719824 73.009872 27.074394 1817.782324 62.466961 82.179108 9.480103 19.129746 51.048243 37.226383 9.860804 72.604415 24.703564 99.623657 22.198124 15.174997
10.849922 14.355266 40.314263 98.870092 52.164653 90.389796 66.968724 6.599728 80.800736 3.291188 70.419276 58.652067 44.888652 35.464154 36.939248 22.317851 45.837390 12.328355 44.634710 54.049007 1518.327543 56.162599 84.049918 44.743729 47.784887 1.494734 54.374218 30.812214 90.750661 93.800126 5.217453 21.062994
82.743735 7.020353 74.195638 94.365324 86.674798 17.359308 3.898216 49.304831 78.601065 1.961044 70.227307 55.491852 44.092568 34.439941 89.600370 35.892761 12.863936 99.913368 25.056614 84.074955 87.464101 1631.464453 7.003768 71.180084 15.618036 62.835172 27.514706 36.177091 42.723161 67.488838 30.628207 58.994456
89.190893 49.487620 96.032809 29.452030 10.551756 41.492155 92.338776 72.940448 87.020593 33.629979 13.879011 91.160973 85.485012 31.223234 8.122131 98.370203 54.324848 88.029867 1.449463 69.837224 89.877058 48.981716 1762.920007 47.668409 59.645696 62.777673 51.330871 60.886393 32.279896 92.721393 32.025657 20.274196
31.961656 1.468779 96.979198 59.766016 61.295615 35.350517 63.632209 24.232194 51.296529 69.751534 66.648297 41.459628 84.100127 15.654984 59.185139 18.863729 95.808324 30.827236 22.073208 43.752231 71.077437 73.985714 6.097330 1472.724417 5.044512 86.359734 30.852395 93.366526 52.409545 9.957793 33.481639 3.630307
8.072626 70.694559 71.561437 30.407075 20.547936 84.406137 71.590315 4.631574 51.182028 20.439496 24.606587 60.800383 89.511703 75.885609 11.610205 13.222704 35.088516 56.753924 4.385076 65.066763 6.166328 13.196993 39.510784 61.943927 1475.556773 61.076591 99.450579 27.919929 53.864940 20.434274 27.571272 56.759190
55.275261 31.255372 97.623196 12.102968 3.909567 96.040311 51.716579 18.734553 6.074071 50.579373 76.953420 72.226361 27.420568 0.697424 95.293019 1.957616 21.967100 56.871756 46.161050 1.450249 80.933308 80.149925 9.606913 58.941706 72.277093 1560.766788 91.733094 84.924135 13.809895 12.656717 9.604390 22.939646
77.648178 68.528495 97.365409 73.984547 53.953938 18.134371 65.991156 57.831671 53.488039 3.320524 83.282674 13.498668 79.677134 21.130361 61.328109 58.533554 89.329753 58.094006 73.421451 4.033708 45.836990 43.317251 25.795806 84.150450 95.256232 54.274578 1742.249202 91.314788 18.854397 56.334857 64.364608 45.508698
20.914229 89.469994 10.033392 74.861571 94.536466 61.232080 44.444075 42.915423 21.518819 81.392368 45.281189 15.035918 54.112153 84.544906 56.355687 58.078198 74.264995 89.542900 40.568519 39.810646 74.585766 20.000785 63.744459 60.302835 14.306944 66.112492 16.472533 1603.361074 65.838508 79.969824 37.141297 5.122578
85.878178 31.427713 39.354345 69.615295 42.155640 81.698992 25.649651 51.582242 63.577807 33.660213 30.974932 17.322487 89.267710 66.652574 77.644867 42.205606 56.193869 63.593281 55.353378 22.425844 79.977958 95.469031 15.430824 6.158951 11.908908 92.058041 94.591532 66.682255 1792.023318 82.817043 55.155573 63.299178
6.876337 80.360032 73.374284 92.519705 19.873023 36.454734 61.473541 16.496809 27.106824 89.982526 35.556185 16.515078 36.091812 25.761442 41.164814 38.495623 73.208752 15.662321 99.843297 79.000331 11.826637 7.659573 78.281599 61.482055 7.400156 3.176195 51.000101 67.793553 7.663515 1417.803292 18.772666 16.658853
28.901840 12.136972 57.241325 59.738731 83.995782 80.851415 56.707616 51.296983 84.059351 15.712333 39.326183 49.382298 44.768305 91.680769 90.135071 59.289750 0.538349 65.998245 27.315522 67.435598 11.183133 75.534289 70.416308 27.170484 47.743064 48.584319 89.567766 60.580762 36.184295 62.615904 1733.129461 63.449050
47.235271 90.381152 58.800582 98.266704 40.661635 32.059531 24.617647 35.846327 95.208839 63.530294 73.128746 80.374529 93.001610 8.516596 20.542340 86.447340 62.241067 89.651066 25.477372 95.680558 21.218943 61.689891 27.565885 78.067659 98.461844 55.851734 34.888700 75.630061 90.704459 6.681146 78.908855 2043.263157
