16 16 i
6 14 10 7 6 10 10 3 7 2 1 11 5 1 0 11
11 16 9 15 14 14 11 2 4 6 8 6 3 13 8 1
14 6 11 7 14 2 13 16 3 7 3 1 5 9 3 11
1 9 3 13 15 14 7 13 7 15 12 14 12 8 14 12
0 6 8 0 11 7 10 16 7 2 2 0 4 9 6 8
6 8 7 11 1 0 15 4 2 11 7 2 0 2 4 14
13 2 0 4 13 6 8 14 14 9 12 6 16 3 4 6
12 14 10 3 12 6 1 9 12 5 11 11 10 6 0 0
12 8 2 6 5 7 8 4 0 9 11 14 8 16 16 11
6 1 2 16 4 16 16 16 1 1 4 0 0 1 11 5
3 10 16 5 4 1 5 10 15 15 0 8 5 15 2 3
2 6 8 0 7 6 7 0 10 9 2 6 15 15 16 1
0 15 11 4 4 8 8 2 15 15 2 0 10 16 7 3
5 7 2 15 2 13 1 2 15 8 3 0 3 0 13 15
7 6 2 16 0 15 11 13 5 5 12 7 1 0 14 0
4 15 3 2 16 16 11 13 5 2 8 4 16 13 2 0