16 16 i
22 3 7 4 6 9 2 6 7 4 3 7 7 2 5 4
9 2 2 3 6 3 8 0 7 6 1 7 0 24 8 1
4 2 22 4 8 6 1 3 8 1 9 8 9 4 1 3
6 7 2 16 3 1 7 3 1 5 5 9 3 5 1 9
1 9 3 7 22 8 7 4 1 4 7 9 8 8 0 8
8 6 8 7 1 0 22 6 7 4 2 7 5 2 0 2
6 8 7 0 7 23 2 0 7 2 2 0 4 9 6 9
5 7 8 3 0 0 9 3 6 1 18 0 4 0 7 0
6 6 3 6 2 5 1 9 24 4 5 3 9 6 8 6
0 0 8 8 3 8 2 6 5 23 8 4 0 2 9 7
4 2 0 4 9 6 6 24 9 9 2 6 0 3 3 4
0 1 1 5 6 4 0 0 2 1 4 25 5 6 3 6
2 2 3 7 5 7 0 7 3 0 7 3 5 7 3 18
7 0 5 7 4 3 1 5 5 0 8 5 18 3 3 2
6 9 2 6 9 8 3 0 1 0 4 4 6 8 24 2
1 23 5 1 4 0 9 5 8 0 9 2 6 3 8 2